17900
66100
11300
94600
10600
28700
37800
69600
11100
38300
16400
55500
50800
18100
89000
31900
88500
13600
30300
19800
37900
94200
20500
54100
10900
33900
35000
52700
18300
20500
18100
94100
62700
30300
21000
31900
40600
28000
34600
42800
98400
16800
14800
64000
81200
50900
33300
25700
21600
25500
65800
20800
32600
82000
32500
52700
26600
13000
52300
59800
21700
95300
15000
18500
83600
56200
11500
51100
45500
93500
14000
51000
13500
47200
71300
80500
90600
65000
94100
73200
22900
44700
47500
72400
53000
75300
10200
69100
18800
13300
19300
37000
55500
13000
54600
11800
40900
34800
58000